Finalidade,Tecnologia,Versão
Programação da interface,React,17
Programação do cliente,TypeScript,Última estável
Renderização no servidor,Next,Última estável
Comunicação de software com API/Database,REST,NA
Comentários/interações,Disqus,NA